,"Jan 16","Feb 16","Mar 16","Apr 16","May 16","Jun 16","Jul 16","Aug 16","Sep 16","Oct 16","Nov 16","Dec 16","Jan 17","Feb 17","Mar 17","Apr 17","May 17","Jun 17","Jul 17","Aug 17","Sep 17","Oct 17","Nov 17","Dec 17","Jan 18","Feb 18","Mar 18","Apr 18","May 18","Jun 18","Jul 18","Aug 18","Sep 18","Oct 18","Nov 18","Dec 18","Jan 19","Feb 19","Mar 19","Apr 19","May 19","Jun 19","Jul 19","Aug 19","Sep 19","Oct 19","Nov 19","Dec 19","Jan 20","Feb 20","Mar 20","Apr 20","May 20","TOTAL"
"Ordinary Income/Expense","","","","","","","","","","","","","","","","","","","","","","","","","","","","","","","","","","","","","","","","","","","","","","","","","","","","","",
"Income","","","","","","","","","","","","","","","","","","","","","","","","","","","","","","","","","","","","","","","","","","","","","","","","","","","","","",
"4000  MOVING REVENUE","","","","","","","","","","","","","","","","","","","","","","","","","","","","","","","","","","","","","","","","","","","","","","","","","","","","","",
"4010  Moves (Use of Trucks)",122718.90,101899.40,156592.73,180209.13,282069.65,381478.86,335634.26,327629.86,245463.96,217054.27,196535.30,195896.29,128529.15,144344.49,195820.07,200950.58,276227.83,394842.24,329768.94,280434.24,203278.73,185942.61,157080.59,205692.25,145369.31,129891.51,198443.23,238695.79,291580.16,378517.89,358025.07,353872.86,210264.53,229041.33,166879.76,124842.46,124149.50,191079.09,220285.90,240346.63,320418.43,466777.83,386548.86,383927.02,215335.05,240729.49,193329.68,221824.99,141932.58,165365.11,234554.70,177441.37,212555.22,12408119.68
"4020  Packing/Unpacking",5092.02,3671.55,4667.50,4190.00,5569.87,17640.61,13426.52,11345.58,5679.81,11898.32,4519.20,4622.32,2341.25,3089.07,12091.88,4057.50,13465.18,16475.44,10611.83,11379.79,8020.98,5801.52,4472.30,7475.92,5327.50,6123.87,7193.65,14079.40,11617.54,13085.62,5770.45,17887.95,5134.69,26498.92,58823.09,74928.04,22744.70,13842.54,17705.24,17574.11,11471.10,51811.22,25540.12,48689.05,26753.73,20103.43,29230.13,17382.44,6294.89,13449.56,19194.15,11160.68,14878.85,805902.62
"4030  Unloading",0.00,736.25,832.50,360.00,2016.25,1846.25,1561.25,2000.00,352.50,390.00,642.50,770.00,455.00,0.00,297.50,0.00,632.50,1953.75,1715.00,921.25,1295.00,1242.50,737.50,168.75,531.25,861.25,995.00,565.00,1437.50,2170.00,875.00,1082.50,1880.00,530.00,1228.75,327.50,692.50,1482.50,250.00,1267.50,130.00,467.50,3351.25,3163.75,2192.50,1010.00,1287.50,740.00,586.25,2296.25,1121.25,125.00,795.00,54368.75
"4040  Loading",0.00,0.00,0.00,0.00,0.00,0.00,0.00,0.00,0.00,0.00,0.00,0.00,0.00,0.00,0.00,0.00,337.50,247.50,0.00,0.00,0.00,0.00,0.00,0.00,0.00,0.00,0.00,250.00,0.00,0.00,-494.16,0.00,0.00,0.00,0.00,0.00,0.00,0.00,0.00,0.00,0.00,0.00,0.00,0.00,0.00,0.00,0.00,0.00,0.00,0.00,0.00,0.00,350.00,690.84
"4050  Internal Moves",367.50,657.00,630.00,1182.50,1816.25,1065.00,1642.50,1940.00,1187.50,660.00,470.00,547.50,2037.50,842.50,260.00,220.00,1392.50,1282.50,957.50,1565.00,1232.00,770.00,1225.00,510.00,1765.00,905.00,710.00,1920.00,6432.91,2817.50,4728.75,2415.00,2233.75,2726.25,2375.00,1501.25,6093.75,1722.50,1522.50,2255.00,2592.50,3042.50,4721.25,2860.00,2616.25,6028.75,2471.25,1936.25,906.25,530.00,2682.50,457.50,1770.00,99199.41
"Total 4000  MOVING REVENUE",128178.42,106964.20,162722.73,185941.63,291472.02,402030.72,352264.53,342915.44,252683.77,230002.59,202167.00,201836.11,133362.90,148276.06,208469.45,205228.08,292055.51,414801.43,343053.27,294300.28,213826.71,193756.63,163515.39,213846.92,152993.06,137781.63,207341.88,255510.19,311068.11,396591.01,368905.11,375258.31,219512.97,258796.50,229306.60,201599.25,153680.45,208126.63,239763.64,261443.24,334612.03,522099.05,420161.48,438639.82,246897.53,267871.67,226318.56,241883.68,149719.97,181640.92,257552.60,189184.55,230349.07,13368281.30
"4200  MOVING SUPPLIES REVENUE","","","","","","","","","","","","","","","","","","","","","","","","","","","","","","","","","","","","","","","","","","","","","","","","","","","","","",
"4210  Boxes, Supplies & Merchandise",5239.75,5051.00,6556.75,6678.50,10703.25,15469.75,9043.25,8426.50,8390.25,7723.75,5757.25,6501.25,4535.25,7912.00,10137.00,7194.50,9917.75,15256.25,8798.75,8084.75,6098.00,4940.25,4171.75,8332.25,6385.00,2526.25,7898.25,11688.75,10010.75,15425.00,7950.75,12387.50,7021.75,16026.50,8136.00,8046.00,7652.75,9023.50,12316.00,16487.25,8958.50,19119.75,13691.75,14682.25,14745.25,15685.25,11615.25,13009.50,8588.25,5374.00,8002.25,6222.25,8362.00,497958.00
"4220  Box, Tote & Equipment Rental",3.68,45.08,41.39,58.68,111.20,120.20,47.17,40.79,0.00,0.00,0.00,0.00,0.00,0.00,0.00,60.00,0.00,16.50,50.00,20.00,140.00,120.00,88.50,147.50,143.75,340.00,181.75,338.49,295.12,150.00,215.00,352.16,58.00,198.25,162.50,40.00,45.00,62.79,251.50,10.00,65.00,22.00,0.00,217.50,15.00,0.00,60.00,8.50,15.00,15.00,52.50,255.00,0.00,4680.50
"4230  Online Box Sale Commission",0.00,0.00,0.00,0.00,0.00,0.00,0.00,0.00,0.00,0.00,0.00,0.00,0.00,0.00,0.00,0.00,0.00,0.00,0.00,0.00,0.00,0.00,0.00,0.01,0.00,0.00,0.00,0.00,0.00,0.00,0.00,0.00,0.00,0.00,0.00,0.00,0.00,0.00,0.00,0.00,0.00,0.00,0.00,0.00,0.00,0.00,0.00,0.00,0.00,0.00,0.00,0.00,0.00,0.01
"Total 4200  MOVING SUPPLIES REVENUE",5243.43,5096.08,6598.14,6737.18,10814.45,15589.95,9090.42,8467.29,8390.25,7723.75,5757.25,6501.25,4535.25,7912.00,10137.00,7254.50,9917.75,15272.75,8848.75,8104.75,6238.00,5060.25,4260.25,8479.76,6528.75,2866.25,8080.00,12027.24,10305.87,15575.00,8165.75,12739.66,7079.75,16224.75,8298.50,8086.00,7697.75,9086.29,12567.50,16497.25,9023.50,19141.75,13691.75,14899.75,14760.25,15685.25,11675.25,13018.00,8603.25,5389.00,8054.75,6477.25,8362.00,502638.51
"4500  ANCILLARY REVENUE","","","","","","","","","","","","","","","","","","","","","","","","","","","","","","","","","","","","","","","","","","","","","","","","","","","","","",
"4510  Cancellation Fee Income",100.00,0.00,400.00,400.00,-100.00,600.00,-100.00,100.00,700.00,100.00,-200.00,300.00,0.00,0.00,0.00,200.00,100.00,200.00,100.00,0.00,300.00,0.00,0.00,0.00,100.00,300.00,100.00,100.00,0.00,425.00,600.00,814.00,200.00,300.00,300.00,400.00,200.00,100.00,0.00,200.00,200.00,300.00,200.00,300.00,300.00,0.00,400.00,150.00,0.00,300.00,200.00,200.00,100.00,9989.00
"4535  Commission Income (Internal)","","","","","","","","","","","","","","","","","","","","","","","","","","","","","","","","","","","","","","","","","","","","","","","","","","","","","",
"4535.1  Backhaul Commission",0.00,0.00,0.00,0.00,0.00,0.00,0.00,0.00,0.00,0.00,0.00,0.00,0.00,0.00,0.00,0.00,0.00,0.00,3180.71,0.00,0.00,0.00,0.00,0.00,0.00,0.00,0.00,0.00,0.00,0.00,0.00,0.00,0.00,-830.00,0.00,0.00,0.00,-150.00,0.00,0.00,0.00,1058.52,0.00,0.00,0.00,0.00,0.00,0.00,0.00,0.00,0.00,0.00,0.00,3259.23
"Total 4535  Commission Income (Internal)",0.00,0.00,0.00,0.00,0.00,0.00,0.00,0.00,0.00,0.00,0.00,0.00,0.00,0.00,0.00,0.00,0.00,0.00,3180.71,0.00,0.00,0.00,0.00,0.00,0.00,0.00,0.00,0.00,0.00,0.00,0.00,0.00,0.00,-830.00,0.00,0.00,0.00,-150.00,0.00,0.00,0.00,1058.52,0.00,0.00,0.00,0.00,0.00,0.00,0.00,0.00,0.00,0.00,0.00,3259.23
"4540  Fuel Surcharge",4335.36,3521.52,6040.22,6045.99,10318.02,16784.03,15733.00,17739.06,9282.86,6194.39,8805.12,6479.89,4209.85,5485.91,6176.38,6447.95,11161.85,17006.20,17662.59,12589.37,7057.22,6979.78,4153.82,7919.80,4329.85,4112.94,5942.04,7659.95,5455.84,11741.64,10091.25,12061.16,5222.84,5417.47,5500.28,4450.18,2717.62,5223.05,5000.62,5555.45,8038.76,16944.37,11036.36,12685.87,15683.39,5845.33,3945.75,4574.52,2604.61,4198.61,4531.54,3277.09,4786.04,416764.60
"4545  Additional Job Charges",19211.04,25892.79,28700.95,36160.89,50953.21,62338.09,66163.97,57324.78,37956.00,53295.20,27065.28,39452.76,26256.90,24763.26,33899.65,33491.72,51073.02,51237.86,49665.21,49503.87,36301.50,32144.06,34079.02,29619.86,22585.89,26098.60,36137.71,40409.47,43827.26,50184.87,49939.54,53241.82,29640.67,45004.95,31557.76,37560.78,24627.14,32816.66,37206.90,37866.00,59250.02,44721.52,7077.19,5766.35,7993.40,5070.17,4683.59,10755.19,5397.32,5071.71,6315.88,11080.04,5543.45,1733982.74
"4547  Travel Charges",0.00,0.00,0.00,0.00,0.00,0.00,0.00,0.00,0.00,0.00,0.00,0.00,0.00,0.00,0.00,0.00,0.00,0.00,0.00,0.00,0.00,0.00,0.00,0.00,0.00,0.00,0.00,0.00,0.00,0.00,0.00,0.00,0.00,0.00,0.00,0.00,0.00,0.00,0.00,0.00,0.00,8167.90,48589.96,42386.83,30186.81,32002.25,32448.34,31649.81,21345.43,26379.30,37819.09,29072.99,41356.44,381405.15
"4550  Storage Fees",10870.59,6618.56,8020.19,7793.97,7342.87,8322.03,2761.19,10849.86,7121.41,6087.42,6505.67,2391.31,8088.44,3278.29,5017.30,2089.73,3153.54,5664.60,3356.54,525.12,1394.24,332.13,1105.26,1354.52,182.13,422.13,2105.28,0.00,3327.09,1043.35,450.00,782.13,793.59,0.00,769.25,429.82,182.13,0.00,642.23,169.00,802.13,182.13,328.25,0.00,729.21,1036.82,0.00,649.05,480.00,60.00,914.36,344.79,185.13,137054.78
"4560  Valuation Revenue",1212.75,730.00,2302.50,2700.00,3495.00,6480.00,4710.00,1935.00,1537.50,2805.50,1350.00,2822.95,1837.50,1275.00,937.50,2181.50,4275.06,5774.50,5081.75,3742.00,3472.50,2085.00,1567.50,4952.50,1807.50,1132.50,1800.00,3727.50,3597.00,6432.50,4162.50,4160.00,2257.00,3810.00,2669.50,2415.00,1885.00,1470.00,1771.50,2002.50,3337.50,6771.68,5312.50,4432.00,3052.50,2895.00,2572.50,4455.00,2261.95,2190.00,2638.34,2542.50,1537.50,158362.48
"Total 4500  ANCILLARY REVENUE",35729.74,36762.87,45463.86,53100.85,72009.10,94524.15,89268.16,87948.70,56597.77,68482.51,43526.07,51446.91,40392.69,34802.46,46030.83,44410.90,69763.47,79883.16,79046.80,66360.36,48525.46,41540.97,40905.60,43846.68,29005.37,32066.17,46085.03,51896.92,56207.19,69827.36,65243.29,71059.11,38114.10,53702.42,40796.79,45255.78,29611.89,39459.71,44621.25,45792.95,71628.41,78146.12,72544.26,65571.05,57945.31,46849.57,44050.18,52233.57,32089.31,38199.62,52419.21,46517.41,53508.56,2840817.98
"4900  DISCOUNTS & ALLOWANCES","","","","","","","","","","","","","","","","","","","","","","","","","","","","","","","","","","","","","","","","","","","","","","","","","","","","","",
"4910  Charity Discounts",0.00,0.00,0.00,0.00,-4625.00,0.00,0.00,0.00,-375.00,0.00,0.00,-440.00,0.00,0.00,0.00,-9225.00,-2400.00,0.00,0.00,0.00,0.00,0.00,0.00,0.00,-3640.00,0.00,0.00,-1542.50,-7156.25,0.00,0.00,0.00,-6247.50,-7282.50,-7787.50,-5100.00,-7937.50,0.00,-250.00,0.00,-5250.00,-12645.00,-1200.00,-11451.25,-5662.50,-3537.50,-6117.50,-14860.00,-2585.00,-1250.00,0.00,-6917.75,-3030.00,-138515.25
"4915  Flat Fee Discounts",-1210.53,-3551.54,-3780.52,-2532.25,-12640.97,-17538.46,-10440.41,-5057.29,-4786.58,-14164.40,-16829.26,-19638.55,-6653.56,-10406.61,-8729.75,-8479.67,-7979.77,-27954.59,-4275.22,-5899.32,-20147.89,-6910.51,-12693.37,-5933.75,-9023.00,-12006.08,-6154.95,-12987.42,-351.85,-5515.34,-18136.34,-22443.11,-2672.73,-4312.50,-1269.46,-2021.50,-1295.00,-23289.48,-6513.16,-4545.78,-16007.80,-55207.68,-26838.21,-12042.50,-14898.10,-2277.99,-2179.96,-3975.71,-1038.75,-764.00,-2544.26,-734.22,-1884.01,-511165.66
"4920  Customer Refunds/Discounts",-0.33,-0.19,-2.26,-404.13,-634.33,-184.41,-56.47,-82.34,-4.48,-26.07,-5.68,-2.39,-3.05,0.00,-451.10,-4.48,-0.90,-94.70,-91.96,-0.24,-50.00,-15.87,0.00,-0.01,0.00,-0.01,0.00,-0.44,0.00,-8.30,-0.01,-27.36,0.00,0.00,0.00,0.00,0.00,0.00,0.00,0.00,-1.08,0.00,0.00,0.00,0.00,0.00,0.00,-50.00,0.00,0.00,0.00,-537.22,0.00,-2739.81
"Total 4900  DISCOUNTS & ALLOWANCES",-1210.86,-3551.73,-3782.78,-2936.38,-17900.30,-17722.87,-10496.88,-5139.63,-5166.06,-14190.47,-16834.94,-20080.94,-6656.61,-10406.61,-9180.85,-17709.15,-10380.67,-28049.29,-4367.18,-5899.56,-20197.89,-6926.38,-12693.37,-5933.76,-12663.00,-12006.09,-6154.95,-14530.36,-7508.10,-5523.64,-18136.35,-22470.47,-8920.23,-11595.00,-9056.96,-7121.50,-9232.50,-23289.48,-6763.16,-4545.78,-21258.88,-67852.68,-28038.21,-23493.75,-20560.60,-5815.49,-8297.46,-18885.71,-3623.75,-2014.00,-2544.26,-8189.19,-4914.01,-652420.72
"Total Income",167940.73,145271.42,211001.95,242843.28,356395.27,494421.95,440126.23,434191.80,312505.73,292018.38,234615.38,239703.33,171634.23,180583.91,255456.43,239184.33,361356.06,481908.05,426581.64,362865.83,248392.28,233431.47,195987.87,260239.60,175864.18,160707.96,255351.96,304903.99,370073.07,476469.73,424177.80,436586.61,255786.59,317128.67,269344.93,247819.53,181757.59,233383.15,290189.23,319187.66,394005.06,551534.24,478359.28,495616.87,299042.49,324591.00,273746.53,288249.54,186788.78,223215.54,315482.30,233990.02,287305.62,16059317.07
"Cost of Goods Sold","","","","","","","","","","","","","","","","","","","","","","","","","","","","","","","","","","","","","","","","","","","","","","","","","","","","","",
"5000  COST OF SUPPLIES","","","","","","","","","","","","","","","","","","","","","","","","","","","","","","","","","","","","","","","","","","","","","","","","","","","","","",
"5030  Moving Supplies and Equipment",202.72,0.00,0.00,17280.10,0.00,0.00,0.00,0.00,105.00,0.00,0.00,0.00,0.00,0.00,0.00,5280.00,5011.51,12.88,0.00,12.88,0.00,0.00,0.00,433.09,0.00,7.50,0.00,8934.35,32.23,614.79,203.17,0.00,0.00,0.00,0.00,0.00,0.00,57.88,34.08,3800.52,98.63,27.92,0.00,37.60,0.00,0.00,0.00,49.36,0.00,0.00,6310.03,0.00,199.92,48746.16
"5040  Boxes & Packing Supplies",4254.32,4019.60,4198.10,3790.98,11369.68,10130.72,8052.15,8972.93,8642.40,5774.49,5804.79,4401.42,5246.88,3423.00,8837.75,5416.85,3811.20,14773.74,12521.47,6170.15,4363.22,3979.75,2688.96,4653.35,1587.42,4025.33,6162.29,7946.93,7076.31,11844.50,9225.95,7275.37,4867.41,9051.21,7442.18,4567.02,3727.08,6980.24,4858.54,7199.85,8195.33,9077.90,8419.38,7679.66,6742.19,7805.11,4863.70,2679.98,8378.28,5835.70,6621.10,5171.15,3637.18,344242.19
"5050  Stretch Wrap",0.00,0.00,0.00,0.00,0.00,0.00,0.00,0.00,0.00,0.00,0.00,0.00,0.00,0.00,0.00,0.00,0.00,0.00,0.00,0.00,0.00,0.00,0.00,0.00,0.00,0.00,0.00,0.00,0.00,0.00,0.00,0.00,0.00,0.00,0.00,0.00,1306.00,1567.20,1838.40,2358.70,2089.60,3134.40,3656.80,4290.60,2536.40,2864.00,2153.00,1840.80,1896.00,1652.81,3190.31,1537.50,1602.83,39515.35
"5000  COST OF SUPPLIES - Other",0.00,0.00,0.00,0.00,0.00,0.00,0.00,0.00,0.00,0.00,0.00,0.00,0.00,0.00,0.00,0.00,0.00,0.00,0.00,0.00,0.00,0.00,0.00,0.00,0.00,0.00,0.00,0.00,0.00,0.00,0.00,0.00,0.00,0.00,0.00,1632.04,0.00,0.00,0.00,0.00,0.00,0.00,0.00,0.00,0.00,0.00,0.00,0.00,0.00,0.00,0.00,0.00,0.00,1632.04
"Total 5000  COST OF SUPPLIES",4457.04,4019.60,4198.10,21071.08,11369.68,10130.72,8052.15,8972.93,8747.40,5774.49,5804.79,4401.42,5246.88,3423.00,8837.75,10696.85,8822.71,14786.62,12521.47,6183.03,4363.22,3979.75,2688.96,5086.44,1587.42,4032.83,6162.29,16881.28,7108.54,12459.29,9429.12,7275.37,4867.41,9051.21,7442.18,6199.06,5033.08,8605.32,6731.02,13359.07,10383.56,12240.22,12076.18,12007.86,9278.59,10669.11,7016.70,4570.14,10274.28,7488.51,16121.44,6708.65,5439.93,434135.74
"5100  DAMAGES & WARRANTY","","","","","","","","","","","","","","","","","","","","","","","","","","","","","","","","","","","","","","","","","","","","","","","","","","","","","",
"5150  Damage Claims","","","","","","","","","","","","","","","","","","","","","","","","","","","","","","","","","","","","","","","","","","","","","","","","","","","","","",
"5150.1  Gross Claims",3319.17,258.00,1415.80,1847.60,2179.89,1569.54,4448.95,2870.02,5055.84,18236.00,5812.76,4304.31,4232.90,2826.78,2343.10,2562.79,1751.44,2033.75,1429.38,2631.16,6725.46,2817.52,1205.40,2272.91,1780.95,853.52,-649.53,398.60,241.00,1180.48,7387.29,3122.90,836.08,2240.78,1616.88,729.00,397.50,129.14,2767.80,1686.91,4868.99,243.54,1201.30,5804.94,5895.39,1160.33,1933.11,7617.03,2424.40,5878.07,1952.14,1560.00,1023.14,150432.15
"5150.2  Mover Reimbursements",0.00,0.00,0.00,0.00,0.00,0.00,0.00,0.00,0.00,0.00,0.00,0.00,0.00,0.00,0.00,0.00,0.00,0.00,0.00,0.00,0.00,-100.00,0.00,0.00,0.00,0.00,0.00,0.00,0.00,0.00,0.00,0.00,0.00,0.00,0.00,0.00,0.00,0.00,0.00,0.00,0.00,0.00,0.00,0.00,0.00,0.00,0.00,0.00,0.00,0.00,0.00,0.00,0.00,-100.00
"5150.3  Insurance Reimbursements",0.00,0.00,0.00,0.00,0.00,0.00,0.00,0.00,0.00,-117.82,0.00,117.82,0.00,0.00,0.00,0.00,0.00,0.00,0.00,0.00,0.00,0.00,0.00,0.00,0.00,0.00,0.00,0.00,0.00,0.00,0.00,0.00,0.00,0.00,0.00,0.00,0.00,0.00,0.00,0.00,0.00,0.00,0.00,0.00,0.00,0.00,0.00,0.00,0.00,0.00,0.00,0.00,0.00,0.00
"5150  Damage Claims - Other",0.00,0.00,0.00,0.00,0.00,0.00,0.00,0.00,0.00,0.00,0.00,0.00,0.00,0.00,0.00,0.00,0.00,0.00,0.00,0.00,0.00,0.00,0.00,152.50,0.00,0.00,0.00,0.00,0.00,0.00,0.00,0.00,0.00,0.00,0.00,0.00,0.00,0.00,0.00,0.00,0.00,0.00,0.00,0.00,0.00,0.00,0.00,0.00,0.00,0.00,0.00,0.00,0.00,152.50
"Total 5150  Damage Claims",3319.17,258.00,1415.80,1847.60,2179.89,1569.54,4448.95,2870.02,5055.84,18118.18,5812.76,4422.13,4232.90,2826.78,2343.10,2562.79,1751.44,2033.75,1429.38,2631.16,6725.46,2717.52,1205.40,2425.41,1780.95,853.52,-649.53,398.60,241.00,1180.48,7387.29,3122.90,836.08,2240.78,1616.88,729.00,397.50,129.14,2767.80,1686.91,4868.99,243.54,1201.30,5804.94,5895.39,1160.33,1933.11,7617.03,2424.40,5878.07,1952.14,1560.00,1023.14,150484.65
"5100  DAMAGES & WARRANTY - Other",0.00,0.00,0.00,0.00,0.00,0.00,0.00,0.00,0.00,0.00,0.00,0.00,0.00,0.00,0.00,0.00,0.00,0.00,0.00,0.00,0.00,0.00,0.00,0.00,0.00,0.00,0.00,0.00,0.00,0.00,0.00,0.00,0.00,0.00,0.00,210.00,0.00,0.00,0.00,0.00,0.00,0.00,0.00,0.00,0.00,0.00,0.00,0.00,0.00,0.00,0.00,0.00,0.00,210.00
"Total 5100  DAMAGES & WARRANTY",3319.17,258.00,1415.80,1847.60,2179.89,1569.54,4448.95,2870.02,5055.84,18118.18,5812.76,4422.13,4232.90,2826.78,2343.10,2562.79,1751.44,2033.75,1429.38,2631.16,6725.46,2717.52,1205.40,2425.41,1780.95,853.52,-649.53,398.60,241.00,1180.48,7387.29,3122.90,836.08,2240.78,1616.88,939.00,397.50,129.14,2767.80,1686.91,4868.99,243.54,1201.30,5804.94,5895.39,1160.33,1933.11,7617.03,2424.40,5878.07,1952.14,1560.00,1023.14,150694.65
"5200  DIRECT LABOR","","","","","","","","","","","","","","","","","","","","","","","","","","","","","","","","","","","","","","","","","","","","","","","","","","","","","",
"5210  Driver Wages",8988.29,15544.28,16130.84,15975.31,19749.65,23877.45,19861.17,20328.19,20500.97,24370.57,23994.53,30437.20,8611.05,15976.15,24459.43,19988.72,20617.99,28797.48,24928.78,28538.84,20621.21,17711.90,21543.63,28055.66,7920.13,16040.27,14586.78,11956.16,22773.93,17961.93,17461.30,19337.21,11190.92,19187.56,19652.57,27769.65,14653.32,17030.95,17910.68,19585.40,25827.07,20878.82,18627.70,23801.29,16266.68,21519.57,18673.32,20981.85,25512.50,17227.55,25385.58,31331.23,23504.91,1064166.12
"5220  Driver Wages - Commission",10750.56,7464.89,12941.65,9041.80,12937.95,29214.46,23937.20,27359.65,19290.00,16800.80,17829.26,12017.36,9894.40,8418.72,15481.50,11295.61,15732.68,30807.09,31412.17,28270.36,15598.50,14800.26,10661.85,14634.20,14406.12,8850.07,15760.04,15093.06,25083.36,23938.20,20469.60,39284.09,16070.96,12883.70,19749.55,10277.52,11130.55,14047.32,10512.80,17473.67,27261.57,34323.50,32308.94,43196.86,17992.64,19106.91,11276.95,12631.62,9161.65,10887.27,10343.16,14690.50,12819.58,937624.68
"5230  Driver Wages - OT",639.38,1327.32,0.00,342.01,1032.76,159.00,337.88,904.13,1057.31,1493.82,459.38,1123.88,369.94,87.75,876.76,204.19,427.50,3143.06,856.88,1022.63,625.50,683.44,713.81,942.57,960.00,81.38,394.32,207.56,326.44,0.00,301.88,375.19,38.06,981.38,226.51,35.44,283.88,640.50,65.25,649.88,327.75,282.00,675.38,587.06,174.00,1469.07,385.13,492.38,78.75,206.63,848.07,368.44,106.51,30399.74
"5250  Driver Indirect Labor",0.00,0.00,0.00,0.00,0.00,0.00,0.00,0.00,0.00,0.00,0.00,0.00,0.00,0.00,0.00,0.00,0.00,0.00,0.00,505.18,0.00,0.00,0.00,0.00,0.00,0.00,0.00,0.00,114.17,0.00,0.00,158.11,0.00,0.00,0.00,0.00,0.00,0.00,0.00,0.00,0.00,0.00,0.00,0.00,0.00,0.00,0.00,0.00,0.00,0.00,0.00,0.00,0.00,777.46
"5310  Mover Wages",11433.34,16185.41,19133.66,22690.39,34812.40,60742.16,60287.86,56835.98,23519.39,25036.39,27457.54,32857.56,10891.49,20077.78,28570.06,26200.90,28308.05,42529.66,27498.40,34762.36,22841.83,21401.57,24146.24,32100.72,13489.76,19742.26,22848.46,24223.76,37168.79,38048.29,33826.31,41562.87,23630.00,27792.47,28248.19,30730.19,13597.10,20627.92,25858.96,30038.87,42962.76,43984.31,41913.67,51836.13,30554.53,36913.83,30410.47,28766.78,33303.93,19673.02,31169.51,34138.37,32696.71,1600079.36
"5320  Mover Wages - Commission",8846.77,6391.34,10023.01,7643.39,13287.33,30027.39,26028.24,31177.13,13230.82,11628.59,10463.29,8448.87,8578.40,6599.95,12587.33,10792.25,12140.12,23651.81,19239.08,17515.44,8755.32,7895.25,5857.77,7109.74,6049.43,3784.18,7623.46,10909.96,18054.82,24068.98,22126.41,29023.47,15099.50,14739.90,19001.32,10738.84,10128.81,8899.94,7625.90,10724.29,14694.11,22278.49,21489.09,27210.79,11875.80,12998.73,9972.44,12482.75,6482.80,8685.81,7442.04,7268.38,5551.36,704950.43
"5330  Mover Wages - OT",0.00,525.02,187.69,343.89,1344.96,1152.01,1681.89,1841.64,1654.51,1971.58,2813.45,1995.21,157.50,289.89,1672.14,289.31,660.19,3140.07,1371.95,1892.64,411.75,404.06,891.76,870.00,785.26,143.25,318.94,583.32,427.50,1704.94,866.25,1478.81,132.19,499.14,176.81,44.44,82.50,144.00,274.88,1794.39,663.75,1610.93,1413.57,1453.88,1371.76,2872.52,370.50,845.25,390.00,110.25,921.20,397.69,9.75,49450.78
"5370  Mover Modified Duty",0.00,0.00,0.00,0.00,0.00,0.00,0.00,0.00,0.00,97.81,0.00,0.00,0.00,0.00,0.00,0.00,0.00,0.00,0.00,0.00,0.00,0.00,0.00,0.00,0.00,0.00,0.00,0.00,0.00,0.00,0.00,0.00,0.00,0.00,0.00,0.00,0.00,0.00,0.00,0.00,0.00,0.00,0.00,0.00,0.00,0.00,0.00,0.00,0.00,0.00,0.00,0.00,0.00,97.81
"5600  Benefits",2457.25,2209.99,1752.50,1479.37,2026.25,1309.87,1731.75,-2033.51,1247.79,1776.73,2094.33,2359.46,-1182.56,537.19,1489.31,1073.07,1076.68,996.68,-709.10,676.73,981.90,-1071.32,1327.43,2900.43,251.44,971.60,1157.80,745.15,-1408.98,530.63,158.50,171.45,448.11,-1092.97,-1383.30,1147.44,-1331.88,-1038.08,-1038.08,-1038.08,-1297.60,-1151.51,-1527.62,-1954.30,-1466.50,-1940.48,-1535.80,-1535.80,-2071.83,-1687.88,-1687.88,-2023.35,-1556.72,2321.70
"5601  Healthcare Benefits","","","","","","","","","","","","","","","","","","","","","","","","","","","","","","","","","","","","","","","","","","","","","","","","","","","","","",
"5601.1  Medical Insurance",0.00,0.00,0.00,0.00,0.00,0.00,0.00,0.00,0.00,0.00,0.00,0.00,0.00,0.00,0.00,0.00,0.00,0.00,0.00,0.00,0.00,0.00,0.00,0.00,0.00,0.00,0.00,0.00,0.00,0.00,0.00,0.00,0.00,0.00,0.00,0.00,1014.32,1775.06,1267.90,1267.90,1267.90,1267.90,3095.68,2130.74,2130.74,1877.16,1877.16,1877.16,2572.09,0.00,2572.09,4597.08,2298.54,32889.42
"5601.2  Vision/Dental/Life Insurance",0.00,0.00,0.00,0.00,0.00,0.00,0.00,0.00,0.00,0.00,0.00,0.00,0.00,0.00,0.00,0.00,0.00,0.00,0.00,6.30,6.30,6.30,0.00,13.38,0.00,0.00,21.26,0.00,0.00,17.76,0.00,6.30,0.00,18.90,0.00,161.70,161.70,161.70,329.70,161.70,433.02,226.38,459.18,303.98,318.98,316.58,287.15,0.00,707.83,0.00,707.83,640.32,320.16,5794.41
"5601  Healthcare Benefits - Other",0.00,0.00,0.00,0.00,0.00,0.00,0.00,0.00,0.00,0.00,0.00,0.00,0.00,0.00,0.00,0.00,0.00,0.00,0.00,0.00,0.00,0.00,0.00,0.00,0.00,0.00,0.00,0.00,0.00,0.00,0.00,0.00,0.00,0.00,0.00,1014.32,0.00,0.00,0.00,0.00,0.00,0.00,0.00,0.00,0.00,0.00,0.00,0.00,0.00,0.00,0.00,0.00,0.00,1014.32
"Total 5601  Healthcare Benefits",0.00,0.00,0.00,0.00,0.00,0.00,0.00,0.00,0.00,0.00,0.00,0.00,0.00,0.00,0.00,0.00,0.00,0.00,0.00,6.30,6.30,6.30,0.00,13.38,0.00,0.00,21.26,0.00,0.00,17.76,0.00,6.30,0.00,18.90,0.00,1176.02,1176.02,1936.76,1597.60,1429.60,1700.92,1494.28,3554.86,2434.72,2449.72,2193.74,2164.31,1877.16,3279.92,0.00,3279.92,5237.40,2618.70,39698.15
"5602  Compensation Benefits",0.00,0.00,0.00,0.00,0.00,0.00,0.00,0.00,0.00,0.00,0.00,0.00,0.00,0.00,0.00,0.00,0.00,0.00,0.00,0.00,0.00,0.00,0.00,0.00,0.00,0.00,0.00,0.00,0.00,0.00,0.00,0.00,0.00,0.00,191.00,0.00,0.00,0.00,0.00,0.00,0.00,0.00,0.00,0.00,0.00,0.00,0.00,0.00,0.00,0.00,0.00,0.00,0.00,191.00
"5610  Payroll Taxes","","","","","","","","","","","","","","","","","","","","","","","","","","","","","","","","","","","","","","","","","","","","","","","","","","","","","",
"5610.1  FICA Expense",3047.77,3545.90,4379.29,4207.62,6254.10,11017.21,10035.96,10631.54,5997.16,6195.55,6338.45,6579.29,2941.05,3885.41,6385.02,5218.81,6005.49,10155.98,8043.91,8544.97,5176.93,4811.99,4868.71,6291.27,3273.52,3715.09,4931.12,4866.81,8177.49,7535.23,6911.81,9748.27,4999.67,5814.54,6573.74,6214.62,3551.01,4628.92,4586.74,6101.89,8586.94,9522.19,8931.84,11217.47,5937.19,7201.76,5398.09,5685.45,5663.13,4252.24,5782.42,6661.33,5731.96,332761.86
"5610.2  FUTA Expense",239.04,278.11,306.21,216.96,266.94,376.41,313.61,292.25,80.69,64.70,41.30,118.52,230.67,304.74,387.85,219.87,200.32,264.64,170.44,176.49,82.38,67.43,37.99,159.74,256.75,281.13,292.85,208.55,341.37,249.69,197.67,169.11,46.75,71.07,65.44,167.99,281.19,353.42,280.56,208.67,247.73,266.77,220.67,205.73,52.87,57.20,81.63,56.17,444.17,317.99,375.34,257.14,167.33,11120.25
"5610.3  SUTA Expense",478.08,556.22,686.95,660.03,981.03,1728.18,1554.92,1449.15,720.20,586.76,455.87,497.68,277.96,218.40,358.89,306.37,354.06,559.46,410.10,374.44,183.87,144.69,106.74,191.37,25.68,29.15,38.67,38.17,64.14,681.54,395.38,381.04,51.21,62.59,38.70,48.85,62.56,61.29,261.08,140.95,67.36,74.68,60.93,67.58,28.95,30.79,22.15,17.45,44.41,33.34,45.37,52.25,44.95,16812.63
"5610  Payroll Taxes - Other",0.00,0.00,0.00,0.00,0.00,0.00,0.00,0.00,0.00,0.00,0.00,0.00,0.00,0.00,0.00,36.88,6.89,0.00,25.44,0.00,0.00,0.00,0.00,0.00,0.00,0.00,0.00,0.00,0.00,0.00,0.00,0.00,2.10,0.00,0.00,0.00,0.00,0.00,0.00,0.00,0.00,0.00,0.00,0.00,0.00,0.00,0.00,0.00,0.00,0.00,0.00,0.00,0.00,71.31
"Total 5610  Payroll Taxes",3764.89,4380.23,5372.45,5084.61,7502.07,13121.80,11904.49,12372.94,6798.05,6847.01,6835.62,7195.49,3449.68,4408.55,7131.76,5781.93,6566.76,10980.08,8649.89,9095.90,5443.18,5024.11,5013.44,6642.38,3555.95,4025.37,5262.64,5113.53,8583.00,8466.46,7504.86,10298.42,5099.73,5948.20,6677.88,6431.46,3894.76,5043.63,5128.38,6451.51,8902.03,9863.64,9213.44,11490.78,6019.01,7289.75,5501.87,5759.07,6151.71,4603.57,6203.13,6970.72,5944.24,360766.05
"5630  Workers Comp Insurance",0.00,6506.73,9321.13,0.00,-18058.00,8229.80,14414.33,12927.83,11399.58,9036.56,14744.10,3629.01,8415.59,5297.20,5178.08,11357.38,7037.97,9635.79,14826.70,11655.30,12078.33,5435.79,4979.70,4979.70,0.00,9785.90,3808.72,5037.22,4889.78,8285.18,9034.71,7606.97,10188.68,8739.66,4720.90,5412.60,3754.15,4298.30,4011.56,4943.97,5157.59,7695.78,8538.83,7948.24,10586.36,3693.02,4851.52,3527.79,3518.90,3712.69,2759.39,3745.06,5351.54,338633.61
"5640  Subcontract Labor",0.00,0.00,0.00,0.00,0.00,0.00,0.00,0.00,1489.20,0.00,0.00,0.00,0.00,0.00,0.00,0.00,-175.00,0.00,0.00,0.00,-166.25,0.00,0.00,0.00,0.00,-1680.00,0.00,0.00,0.00,0.00,-350.00,0.00,0.00,0.00,0.00,0.00,-140.00,-245.00,0.00,-105.00,-325.00,0.00,0.00,0.00,0.00,0.00,0.00,0.00,0.00,0.00,0.00,0.00,0.00,-1697.05
"5200  DIRECT LABOR - Other",0.00,0.00,0.00,0.00,0.00,0.00,0.00,0.00,0.00,0.00,0.00,0.00,0.00,0.00,0.00,0.00,0.00,0.00,0.00,0.00,0.00,0.00,0.00,0.00,0.00,0.00,0.00,0.00,0.00,0.00,0.00,0.00,0.00,0.00,273.00,0.00,0.00,0.00,0.00,0.00,0.00,0.00,0.00,0.00,0.00,0.00,0.00,0.00,0.00,0.00,0.00,0.00,0.00,273.00
"Total 5200  DIRECT LABOR",46880.48,60535.21,74862.93,62600.77,74635.37,167833.94,160184.81,161713.98,100187.62,99059.86,106691.50,100064.04,49185.49,61693.18,97446.37,86983.36,92392.94,153681.72,128074.75,133941.68,87197.57,72291.36,75135.63,98248.78,47418.09,61744.28,71782.42,73869.72,116012.81,123022.37,111399.82,149302.89,81898.15,89697.94,97534.43,93763.60,57229.21,71386.24,71947.93,91948.50,125874.95,141260.24,136207.86,168005.45,95824.00,106116.66,82070.71,85828.85,85808.33,63418.91,86664.12,102124.44,87046.58,5127732.84
"5700  TRUCK EXPENSE","","","","","","","","","","","","","","","","","","","","","","","","","","","","","","","","","","","","","","","","","","","","","","","","","","","","","",
"5710  Fuel",9499.26,7997.04,5384.01,9315.57,11876.71,22595.25,25867.75,24266.07,16680.04,13149.75,12682.61,12387.68,10792.67,17019.32,11850.67,8483.40,15187.63,21568.36,23351.48,17759.10,11247.22,11311.52,9391.07,17794.77,10185.38,7710.58,13206.05,7014.58,16295.85,22669.44,23959.68,23266.81,22257.57,17996.27,16995.89,14180.71,8389.24,11321.97,10396.07,12255.51,17397.24,23914.80,28545.77,12517.02,19188.97,13289.01,15634.43,10520.52,11648.26,8778.57,10357.45,9635.08,9299.61,776287.28
"5720  Repairs",9121.68,4805.36,6471.79,41155.21,4979.14,27420.36,21114.51,19881.38,15122.48,13426.03,6082.68,11593.41,31752.10,22174.58,9224.35,15385.62,28235.18,8121.35,11178.35,14010.25,7495.52,8463.34,6916.92,2908.00,3146.07,-3689.50,18864.56,5521.66,23800.59,39951.87,28997.64,15602.80,19518.22,22017.99,12266.83,5121.73,35074.25,411.28,30060.96,7326.82,6707.88,5631.75,5645.71,6227.47,12037.29,18614.42,2544.31,2447.63,702.90,1339.62,14785.51,4134.58,1280.60,693133.03
"5722  Body Repair",0.00,0.00,0.00,0.00,0.00,0.00,0.00,0.00,36.00,0.00,92.40,15806.82,1496.05,0.00,360.89,386.65,0.00,0.00,606.98,0.00,0.00,0.00,841.76,0.00,39.21,70.99,0.00,0.00,0.00,783.95,297.50,0.00,1007.49,0.00,600.82,0.00,415.83,0.00,0.00,0.00,0.00,0.00,0.00,0.00,0.00,0.00,0.00,113.68,0.00,28.43,0.00,0.00,0.00,22985.45
"5725  Towing",0.00,0.00,0.00,0.00,0.00,0.00,0.00,0.00,0.00,135.00,240.00,600.00,722.01,0.00,875.25,0.00,775.00,350.00,0.00,550.00,0.00,300.00,585.00,714.89,420.00,0.00,1989.26,0.00,0.00,721.62,757.62,857.11,1806.55,920.00,0.00,0.00,460.00,275.00,0.00,-53.54,-28.02,-3.03,0.00,0.00,0.00,0.00,0.00,0.00,0.00,0.00,0.00,0.00,0.00,13969.72
"5730  Preventative Maintenance",195.18,0.00,963.50,1252.50,222.64,3032.88,3965.04,0.00,3104.94,336.78,1494.08,374.72,5339.91,2209.60,0.00,3291.78,2272.49,787.65,2383.35,1489.79,17.05,883.60,2314.45,915.95,98.53,225.35,5243.00,2385.68,3743.68,2001.26,3276.66,4912.26,1984.43,1685.78,1902.28,105.00,3742.49,0.00,5739.88,6456.56,6437.18,6719.48,6367.41,7308.75,7252.29,1929.29,32.77,540.28,0.00,0.00,1072.93,119.02,3847.89,121978.01
"5740  Cleaning",300.00,260.00,0.00,280.00,300.00,340.00,340.00,320.00,240.00,260.00,320.00,300.00,340.00,240.00,320.00,0.00,740.00,360.00,260.00,380.00,0.00,660.00,133.72,340.00,320.00,260.00,0.00,0.00,240.00,340.00,340.00,684.00,252.00,630.00,630.00,306.00,738.00,468.00,936.00,594.00,288.00,936.00,576.00,857.65,504.00,306.98,666.00,252.00,882.00,288.00,719.57,648.00,990.00,21685.92
"5750  Tires",976.75,0.00,1414.59,1131.25,486.33,725.78,2403.86,0.00,2039.15,5410.76,1757.00,616.48,755.71,710.48,896.51,833.85,2572.68,5555.01,1797.88,470.98,0.00,411.61,1193.85,0.00,855.45,931.32,1299.85,1049.93,928.06,1115.96,5594.28,1426.08,0.00,1067.96,1029.79,2266.56,2893.92,614.59,0.00,4422.18,1400.59,1155.67,0.00,0.00,126.56,605.60,406.98,326.27,0.00,0.00,5024.70,710.68,0.00,67413.49
"5760  Rental Trucks - Short Term",0.00,0.00,0.00,450.00,1385.01,14976.95,460.00,0.00,0.00,0.00,0.00,1380.00,460.00,0.00,0.00,0.00,13578.23,11239.76,11814.26,5665.40,3426.07,6121.64,3759.70,2139.31,0.00,0.00,0.00,0.00,0.00,1987.61,5616.36,1137.44,0.00,0.00,0.00,0.00,0.00,0.00,0.00,0.00,0.00,3507.09,0.00,10051.41,0.00,6663.48,0.00,6337.59,0.00,1775.88,2894.72,7059.80,2047.14,125934.85
"5765  Rental Trucks - Long Term",0.00,0.00,0.00,0.00,3060.58,0.00,14191.06,12570.99,10595.32,9576.44,744.70,3902.43,0.00,0.00,0.00,0.00,0.00,0.00,0.00,0.00,0.00,0.00,0.00,0.00,0.00,0.00,0.00,0.00,0.00,0.00,0.00,0.00,0.00,0.00,0.00,0.00,0.00,0.00,0.00,0.00,0.00,0.00,0.00,0.00,0.00,0.00,0.00,0.00,0.00,0.00,0.00,0.00,0.00,54641.52
"5770  Truck Licenses & Fees",1183.00,1617.00,4427.38,2306.00,0.00,1275.22,0.00,82.61,3954.14,711.30,60.61,1072.00,654.61,3289.00,370.00,4637.00,1694.00,284.50,-87.33,97.00,30.00,1126.59,0.00,3773.00,0.00,0.00,0.00,1728.00,4851.00,1078.00,284.50,0.00,539.00,1078.00,20.00,8834.79,1078.00,2258.35,1841.47,151.61,3806.11,0.00,607.70,22.00,2971.10,539.00,684.16,386.60,0.00,1225.00,5423.32,3167.41,1373.84,76506.59
"5790  Insurance",2942.85,0.00,2942.85,2942.85,2942.85,1000.00,3620.32,6497.42,4714.42,2166.30,0.00,4749.13,4775.11,4737.02,4737.02,4737.02,4737.02,4737.02,4737.02,0.00,17058.22,0.00,5587.02,4737.02,4737.02,4737.02,0.00,4737.02,4737.02,4737.02,4737.02,0.00,800.00,4441.02,5463.60,4441.02,4441.02,4441.02,4441.02,4441.02,4441.02,4441.02,4441.02,0.00,4404.27,0.00,4404.27,4404.27,4404.27,4976.95,4976.95,4976.95,4976.95,207278.26
"5850  Depreciation - Trucks",12562.44,12562.44,12562.44,12562.44,12562.44,12327.94,12327.94,12327.94,12327.94,12327.94,12327.94,15354.69,11309.84,11309.84,11309.84,11309.84,11309.84,11309.84,11309.84,11309.84,11309.84,11309.84,11309.84,25271.09,11652.77,22480.65,0.00,10827.88,9295.99,9295.99,8756.94,8187.79,8187.79,8727.96,11850.04,11850.04,11850.02,11850.02,11850.02,11850.02,11033.07,11033.05,8650.90,8650.90,8650.90,8650.90,8650.90,11820.27,11263.06,11263.06,11263.06,11263.06,11263.06,603783.97
"5885  Fines & Other Costs",0.00,0.00,0.00,50.00,0.00,128.11,0.00,0.00,0.00,0.00,0.00,0.00,0.00,0.00,0.00,0.00,0.00,0.00,0.00,0.00,0.00,0.00,0.00,0.00,0.00,0.00,0.00,0.00,0.00,0.00,0.00,0.00,200.00,145.00,90.00,0.00,0.00,0.00,0.00,0.00,0.00,134.20,555.13,0.00,348.00,0.00,50.00,400.00,0.00,0.00,0.00,0.00,0.00,2100.44
"5890  GPS",551.00,551.00,551.00,551.00,551.00,551.00,551.00,551.00,551.00,551.00,615.99,580.99,595.99,580.99,580.99,580.99,394.89,580.99,830.52,787.95,2819.00,553.00,951.28,0.00,553.00,0.00,553.00,553.00,553.00,553.00,553.00,553.00,553.00,553.00,553.00,553.00,553.00,553.00,553.00,553.00,553.00,553.00,553.00,553.00,553.00,553.00,553.00,553.00,553.00,553.00,553.00,553.00,553.00,31447.57
"5895  Truck Supplies",229.41,0.00,155.35,563.40,0.00,1388.06,570.99,1148.01,93.14,0.00,317.04,665.90,2132.17,531.05,15.90,725.91,69.49,122.65,-2.24,70.00,500.00,368.00,546.75,21.47,643.03,46.19,507.39,524.78,463.59,413.00,929.48,437.71,522.56,804.78,595.69,505.37,413.00,413.00,527.41,748.82,413.00,448.92,449.88,525.88,523.04,500.04,496.31,595.61,413.00,413.00,1191.35,678.43,631.03,26007.74
"5700  TRUCK EXPENSE - Other",0.00,0.00,0.00,0.00,0.00,0.00,0.00,0.00,0.00,0.00,0.00,0.00,0.00,0.00,0.00,0.00,0.00,0.00,0.00,0.00,0.00,0.00,0.00,0.00,0.00,0.00,0.00,0.00,139.13,19.36,105.00,0.00,1901.82,831.93,610.91,69.98,0.00,0.00,0.00,0.00,0.00,0.00,0.00,0.00,0.00,0.00,0.00,0.00,0.00,0.00,0.00,0.00,0.00,3678.13
"Total 5700  TRUCK EXPENSE",37561.57,27792.84,34872.91,72560.22,38366.70,85761.55,85412.47,77645.42,69458.57,58051.30,36735.05,69384.25,71126.17,62801.88,40541.42,50372.06,81566.45,65017.13,68180.11,52590.31,53902.92,41509.14,43531.36,58615.50,32650.46,32772.60,41663.11,34342.53,65047.91,85668.08,84205.68,57065.00,59530.43,60899.69,52608.85,48234.20,70048.77,32606.23,66345.83,48746.00,52449.07,58471.95,56392.52,46714.08,56559.42,51651.72,34123.13,38697.72,29866.49,30641.51,58262.56,42946.01,36263.12,2848831.97
"5900  OTHER MOVING & STORAGE EXPENSE","","","","","","","","","","","","","","","","","","","","","","","","","","","","","","","","","","","","","","","","","","","","","","","","","","","","","",
"5910  Travel Costs",2514.48,1176.44,3131.35,2484.77,1985.83,4171.95,5856.05,3793.21,3502.56,3773.21,3612.26,2829.46,1968.38,1552.89,1043.24,1049.52,2846.48,4674.64,3722.07,2644.03,1575.11,2049.71,610.62,1483.73,1207.27,454.74,1087.83,2414.54,2270.99,3298.37,2549.09,3050.41,1761.35,1198.82,847.54,658.00,953.67,1990.57,1040.91,915.66,1901.52,3850.08,3336.20,2712.67,1802.68,1451.05,903.77,1025.64,1202.41,1113.93,659.17,1181.17,836.35,111728.39
"5911  Tolls, Ferry and Parking Fees",0.00,0.00,0.00,0.00,0.00,0.00,0.00,256.67,290.14,93.52,20.00,190.39,75.12,0.00,0.00,0.00,38.27,842.82,1175.84,1071.45,145.19,8.22,676.76,0.00,1167.50,130.00,263.15,130.00,812.30,796.15,989.89,0.00,61.27,519.00,590.00,0.00,473.67,288.25,97.07,364.90,650.45,351.08,658.09,1427.38,0.82,228.95,118.21,0.00,42.86,361.19,211.88,26.88,58.65,15703.98
"5913  Parking Fines",0.00,0.00,0.00,0.00,0.00,0.00,0.00,0.00,0.00,0.00,0.00,0.00,0.00,0.00,0.00,0.00,0.00,0.00,0.00,0.00,0.00,0.00,0.00,0.00,0.00,0.00,0.00,0.00,0.00,0.00,0.00,0.00,0.00,0.00,0.00,0.00,0.00,0.00,0.00,0.00,0.00,0.00,0.00,200.00,0.00,0.00,0.00,0.00,0.00,0.00,0.00,0.00,0.00,200.00
"5914  Actual Weight Tickets",0.00,0.00,0.00,0.00,0.00,0.00,0.00,0.00,242.00,163.00,247.00,110.00,251.00,220.00,143.00,154.00,233.00,451.00,318.00,389.00,319.00,198.00,230.00,158.00,145.00,243.00,215.00,320.00,399.50,602.00,194.18,543.07,351.92,367.32,0.00,0.00,0.00,0.00,23.00,34.50,492.50,530.41,172.50,323.00,309.50,240.00,242.50,230.50,156.00,226.00,319.00,180.00,362.50,11048.90
"5920  Meals",0.00,0.00,0.00,0.00,307.59,0.00,0.00,150.78,0.00,0.00,101.00,0.00,0.00,0.00,0.00,0.00,0.00,0.00,0.00,0.00,0.00,0.00,0.00,0.00,0.00,0.00,0.00,0.00,0.00,0.00,0.00,0.00,0.00,0.00,0.00,0.00,0.00,0.00,0.00,0.00,0.00,0.00,0.00,120.07,0.00,62.02,0.00,8.01,0.00,22.43,0.00,0.00,0.00,771.90
"5930  Per Diem",1205.00,750.00,985.65,775.00,1800.00,2475.00,2750.00,2425.00,1425.00,1375.00,1500.00,1225.00,750.00,925.00,575.00,925.00,1250.00,2975.00,2450.00,1800.00,1250.00,1000.00,800.00,575.00,925.00,800.00,825.00,1275.00,1225.00,1875.00,2800.00,1650.00,0.00,0.00,0.00,0.00,310.00,950.00,100.00,650.00,1350.00,2745.00,2160.00,1960.00,461.00,0.00,0.00,50.00,150.00,200.00,750.00,400.00,850.00,58426.65
"5940  Reimbursed Mileage - Moving",0.00,237.26,29.25,129.93,0.00,0.00,0.00,0.00,0.00,0.00,0.00,0.00,0.00,0.00,0.00,0.00,0.00,0.00,0.00,0.00,0.00,0.00,0.00,0.00,0.00,0.00,0.00,0.00,0.00,0.00,0.00,0.00,0.00,0.00,0.00,0.00,0.00,0.00,0.00,0.00,0.00,0.00,0.00,0.00,0.00,0.00,0.00,0.00,0.00,0.00,0.00,0.00,0.00,396.44
"5950  Other Moving/Storage Expense",3325.02,3315.02,90.00,2239.36,5757.31,5058.32,2559.00,4916.50,5879.85,3230.90,1012.15,3770.02,2336.50,1101.50,3491.49,1981.50,1101.50,2861.50,1101.50,2111.00,1626.50,1228.97,1461.50,1396.50,1472.33,1396.50,1396.50,1351.50,1101.50,1101.50,1101.50,1101.50,1101.50,0.00,90.00,90.00,90.00,90.00,90.00,125.00,105.00,105.00,520.00,485.00,105.00,105.00,105.00,105.00,105.00,105.00,105.00,458.25,105.00,77165.99
"5960  Cellular Phones - Mover/Driver",0.00,0.00,0.00,0.00,-142.96,-89.35,-71.48,-89.35,-71.48,464.62,0.00,0.00,-71.48,-71.48,-89.35,-71.48,-71.48,-89.35,-71.48,-157.18,-432.01,-239.36,-57.23,-71.48,-39.36,96.30,-57.23,-39.36,-57.23,-39.36,-39.36,-57.23,-39.36,-39.36,-57.23,-39.36,-57.23,-39.36,-39.36,-39.36,-57.23,-39.36,-39.36,-57.23,-21.49,-57.23,-39.36,-39.36,-57.23,-39.36,-39.36,-57.23,-39.36,-2659.97
"5970  Backhaul Commission Paid",0.00,0.00,0.00,0.00,0.00,0.00,0.00,0.00,0.00,0.00,0.00,0.00,0.00,0.00,0.00,0.00,0.00,0.00,0.00,0.00,0.00,0.00,0.00,0.00,0.00,0.00,0.00,0.00,0.00,0.00,0.00,0.00,0.00,0.00,0.00,0.00,0.00,0.00,0.00,0.00,0.00,0.00,0.00,382.50,0.00,0.00,0.00,0.00,0.00,0.00,0.00,0.00,0.00,382.50
"5900  OTHER MOVING & STORAGE EXPENSE - Other",0.00,0.00,0.00,0.00,0.00,0.00,0.00,0.00,0.00,0.00,0.00,0.00,0.00,0.00,0.00,0.00,0.00,0.00,0.00,0.00,0.00,0.00,0.00,0.00,0.00,0.00,0.00,0.00,0.00,0.00,0.00,0.00,0.00,0.00,40.28,27.64,0.00,0.00,0.00,0.00,0.00,0.00,0.00,0.00,0.00,0.00,0.00,0.00,0.00,0.00,0.00,0.00,0.00,67.92
"Total 5900  OTHER MOVING & STORAGE EXPENSE",7044.50,5478.72,4236.25,5629.06,9707.77,11615.92,11093.57,11452.81,11268.07,9100.25,6492.41,8124.87,5309.52,3727.91,5163.38,4038.54,5397.77,11715.61,8695.93,7858.30,4483.79,4245.54,3721.65,3541.75,4877.74,3120.54,3730.25,5451.68,5752.06,7633.66,7595.30,6287.75,3236.68,2045.78,1510.59,736.28,1770.11,3279.46,1311.62,2050.70,4442.24,7542.21,6807.43,7553.39,2657.51,2029.79,1330.12,1379.79,1599.04,1989.19,2005.69,2189.07,2173.14,273232.70
"Total COGS",99262.76,98084.37,119585.99,163708.73,136259.41,276911.67,269191.95,262655.16,194717.50,190104.08,161536.51,186396.71,135100.96,134472.75,154332.02,154653.60,189931.31,247234.83,218901.64,203204.48,156672.96,124743.31,126283.00,167917.88,88314.66,102523.77,122688.54,130943.81,194162.32,229963.88,220017.21,223053.91,150368.75,163935.40,160712.93,149872.14,134478.67,116006.39,149104.20,157791.18,198018.81,219758.16,212685.29,240085.72,170214.91,171627.61,126473.77,138093.53,129972.54,109416.19,165005.95,155528.17,131945.91,8834627.90
